search_steps = 9
outer_iterations = 9
stage2_oracle_calls = 1
evaluated_candidates = 143
stopping_reason = no_improving_candidate
epsilon_progression = [241.97947241890688, 0.0, 0.0, 1.867900408569767e-06, 2.241480956399755e-07, 2.6897765792455175e-08, 3.227768274882692e-09, 0.0, 5.164508820598712e-10, 5.164508820598712e-10]
distance_to_se_progression = [0.28789997848677623, 3.25622132405658, 3.256216384870581, 3.2562162031996467, 3.256216248876908, 3.2562162543581805, 3.2562162550159326, 3.2562162551415046, 3.2562162550912754, 3.2562162550912754]
