config = configs/final_touchup_fast.toml
seed = 20260308
pE = 0.5
pN = 0.5
inner_solver = exact
n_users_list = 30,50,80,100
trials_per_n = 10
total_planned_trials = 40
successful_trials = 40
failed_trials = 0
--- n=30 ---
count = 10
mean_exploitability = 2.522426712e-15
std_exploitability = 2.689967113e-15
--- n=50 ---
count = 10
mean_exploitability = 2.067679361e-15
std_exploitability = 2.250065709e-15
--- n=80 ---
count = 10
mean_exploitability = 1.993960552e-15
std_exploitability = 3.897712074e-15
--- n=100 ---
count = 10
mean_exploitability = 2.764011242e-15
std_exploitability = 3.24141271e-15
