search_steps = 4
outer_iterations = 4
stage2_oracle_calls = 1
evaluated_candidates = 333
stopping_reason = no_improving_candidate
epsilon_progression = [7.781056300914141, 0.0, 0.0, 0.0, 0.0]
distance_to_se_progression = [0.8470264341372825, 6.2224871904611865, 6.222492013172841, 6.222492190560051, 6.222492190560051]
