search_steps = 5
outer_iterations = 5
stage2_oracle_calls = 1
evaluated_candidates = 1280
stopping_reason = no_improving_candidate
epsilon_progression = [211.61593279847528, 3.036655516056669, 1.4210854715202004e-14, 1.4210854715202004e-14, 1.4210854715202004e-14, 1.4210854715202004e-14]
distance_to_se_progression = [1.2390558205545228, 5.855286029935907, 5.855286029935907, 5.855286029935907, 5.855286029935907, 5.855286029935907]
