timestamp_utc = 2026-02-27T12:46:16.159405+00:00
config_path = configs/default.toml
run_name = default_run
n_users = 100
methods = ['GSSE']
workers = 1
trials = 1
start_seed = 20260000
seed_range = [20260000, 20260000]
wall_time_sec = 0.06220504199154675
