search_steps = 4
outer_iterations = 4
stage2_oracle_calls = 1
evaluated_candidates = 1024
stopping_reason = no_improving_candidate
epsilon_progression = [17.709011222415953, 0.0, 0.0, 0.0, 0.0]
distance_to_se_progression = [1.2390558205545228, 1.2390558205545228, 1.2390558205545228, 1.2390558205545228, 1.2390558205545228]
