search_steps = 9
outer_iterations = 9
stage2_oracle_calls = 1
evaluated_candidates = 279
stopping_reason = no_improving_candidate
epsilon_progression = [419.64317347156066, 0.0, 7.243668221690314e-06, 8.692400683685264e-07, 1.0430886732137878e-07, 1.2517148206825368e-08, 1.502030499977991e-09, 0.0, 2.403339749434963e-10, 2.403339749434963e-10]
distance_to_se_progression = [5.730953143041896, 10.752299914015309, 10.752285683753362, 10.752285810685036, 10.752285825916834, 10.752285827744652, 10.75228582796399, 10.752285828005864, 10.752285827989114, 10.752285827989114]
